Setpoint_fuelledMode_z_T2N_degC = [	2.50e+001	2.50e+001	2.57e+001	2.61e+001	2.64e+001	2.68e+001	2.71e+001	2.73e+001	2.74e+001	2.76e+001	2.79e+001	2.83e+001	2.86e+001	2.89e+001	2.92e+001	2.94e+001	2.95e+001	2.97e+001	2.98e+001	2.98e+001	2.97e+001	2.96e+001;
	2.50e+001	2.47e+001	2.50e+001	2.54e+001	2.56e+001	2.57e+001	2.58e+001	2.59e+001	2.61e+001	2.63e+001	2.65e+001	2.67e+001	2.70e+001	2.71e+001	2.73e+001	2.75e+001	2.77e+001	2.79e+001	2.80e+001	2.83e+001	2.87e+001	2.92e+001;
	2.50e+001	2.47e+001	2.49e+001	2.52e+001	2.54e+001	2.55e+001	2.56e+001	2.57e+001	2.59e+001	2.60e+001	2.60e+001	2.62e+001	2.64e+001	2.63e+001	2.63e+001	2.64e+001	2.66e+001	2.68e+001	2.68e+001	2.72e+001	2.81e+001	2.90e+001;
	2.50e+001	2.49e+001	2.51e+001	2.54e+001	2.55e+001	2.56e+001	2.57e+001	2.59e+001	2.60e+001	2.60e+001	2.61e+001	2.62e+001	2.63e+001	2.64e+001	2.65e+001	2.67e+001	2.68e+001	2.69e+001	2.69e+001	2.70e+001	2.78e+001	2.91e+001;
	2.50e+001	2.51e+001	2.53e+001	2.55e+001	2.56e+001	2.57e+001	2.58e+001	2.59e+001	2.60e+001	2.60e+001	2.61e+001	2.61e+001	2.62e+001	2.65e+001	2.67e+001	2.69e+001	2.70e+001	2.71e+001	2.71e+001	2.73e+001	2.80e+001	2.94e+001;
	2.50e+001	2.52e+001	2.54e+001	2.55e+001	2.57e+001	2.58e+001	2.59e+001	2.59e+001	2.60e+001	2.61e+001	2.61e+001	2.62e+001	2.64e+001	2.67e+001	2.69e+001	2.71e+001	2.73e+001	2.74e+001	2.75e+001	2.77e+001	2.84e+001	2.95e+001;
	2.50e+001	2.53e+001	2.55e+001	2.56e+001	2.57e+001	2.59e+001	2.60e+001	2.60e+001	2.61e+001	2.62e+001	2.64e+001	2.66e+001	2.68e+001	2.71e+001	2.73e+001	2.75e+001	2.77e+001	2.78e+001	2.80e+001	2.83e+001	2.87e+001	2.95e+001;
	2.50e+001	2.53e+001	2.55e+001	2.57e+001	2.58e+001	2.60e+001	2.61e+001	2.62e+001	2.63e+001	2.65e+001	2.68e+001	2.70e+001	2.73e+001	2.76e+001	2.79e+001	2.80e+001	2.82e+001	2.84e+001	2.85e+001	2.85e+001	2.87e+001	2.96e+001;
	2.50e+001	2.54e+001	2.55e+001	2.57e+001	2.60e+001	2.62e+001	2.63e+001	2.65e+001	2.66e+001	2.69e+001	2.72e+001	2.75e+001	2.78e+001	2.82e+001	2.85e+001	2.86e+001	2.87e+001	2.89e+001	2.92e+001	2.91e+001	2.91e+001	2.98e+001;
	2.50e+001	2.54e+001	2.56e+001	2.58e+001	2.61e+001	2.63e+001	2.65e+001	2.67e+001	2.70e+001	2.73e+001	2.76e+001	2.80e+001	2.84e+001	2.88e+001	2.91e+001	2.92e+001	2.94e+001	2.95e+001	2.96e+001	2.93e+001	2.92e+001	2.99e+001;
	2.50e+001	2.54e+001	2.56e+001	2.59e+001	2.62e+001	2.65e+001	2.68e+001	2.71e+001	2.73e+001	2.77e+001	2.82e+001	2.85e+001	2.89e+001	2.94e+001	2.97e+001	2.98e+001	3.00e+001	3.01e+001	3.03e+001	2.99e+001	2.97e+001	3.00e+001;
	2.50e+001	2.55e+001	2.57e+001	2.60e+001	2.63e+001	2.67e+001	2.71e+001	2.74e+001	2.78e+001	2.82e+001	2.87e+001	2.91e+001	2.95e+001	3.00e+001	3.03e+001	3.05e+001	3.07e+001	3.08e+001	3.08e+001	3.06e+001	3.02e+001	3.01e+001;
	2.50e+001	2.55e+001	2.57e+001	2.60e+001	2.65e+001	2.69e+001	2.74e+001	2.78e+001	2.82e+001	2.87e+001	2.92e+001	2.96e+001	3.01e+001	3.05e+001	3.09e+001	3.11e+001	3.14e+001	3.14e+001	3.14e+001	3.13e+001	3.08e+001	3.04e+001;
	2.50e+001	2.55e+001	2.58e+001	2.61e+001	2.66e+001	2.71e+001	2.77e+001	2.82e+001	2.87e+001	2.92e+001	2.98e+001	3.03e+001	3.08e+001	3.12e+001	3.15e+001	3.17e+001	3.19e+001	3.20e+001	3.20e+001	3.19e+001	3.15e+001	3.08e+001;
	2.50e+001	2.55e+001	2.58e+001	2.62e+001	2.67e+001	2.73e+001	2.81e+001	2.88e+001	2.93e+001	2.98e+001	3.04e+001	3.09e+001	3.15e+001	3.19e+001	3.21e+001	3.22e+001	3.23e+001	3.25e+001	3.26e+001	3.25e+001	3.20e+001	3.12e+001;
	2.50e+001	2.56e+001	2.58e+001	2.63e+001	2.69e+001	2.75e+001	2.85e+001	2.92e+001	2.98e+001	3.04e+001	3.11e+001	3.17e+001	3.23e+001	3.26e+001	3.28e+001	3.29e+001	3.29e+001	3.30e+001	3.33e+001	3.32e+001	3.26e+001	3.16e+001;
	2.50e+001	2.56e+001	2.59e+001	2.64e+001	2.70e+001	2.79e+001	2.89e+001	2.98e+001	3.04e+001	3.10e+001	3.17e+001	3.25e+001	3.31e+001	3.35e+001	3.36e+001	3.37e+001	3.37e+001	3.39e+001	3.41e+001	3.39e+001	3.31e+001	3.19e+001;
	2.50e+001	2.56e+001	2.59e+001	2.65e+001	2.72e+001	2.81e+001	2.95e+001	3.03e+001	3.09e+001	3.15e+001	3.24e+001	3.33e+001	3.39e+001	3.43e+001	3.46e+001	3.46e+001	3.46e+001	3.47e+001	3.49e+001	3.47e+001	3.37e+001	3.23e+001;
	2.50e+001	2.56e+001	2.60e+001	2.66e+001	2.74e+001	2.85e+001	2.99e+001	3.08e+001	3.14e+001	3.21e+001	3.30e+001	3.40e+001	3.48e+001	3.53e+001	3.56e+001	3.56e+001	3.56e+001	3.57e+001	3.58e+001	3.54e+001	3.43e+001	3.27e+001;
	2.50e+001	2.57e+001	2.61e+001	2.66e+001	2.75e+001	2.88e+001	3.05e+001	3.15e+001	3.19e+001	3.25e+001	3.36e+001	3.47e+001	3.57e+001	3.63e+001	3.66e+001	3.66e+001	3.65e+001	3.67e+001	3.67e+001	3.62e+001	3.49e+001	3.31e+001;
	2.50e+001	2.57e+001	2.61e+001	2.67e+001	2.77e+001	2.92e+001	3.11e+001	3.23e+001	3.26e+001	3.31e+001	3.42e+001	3.54e+001	3.65e+001	3.73e+001	3.76e+001	3.76e+001	3.75e+001	3.75e+001	3.75e+001	3.68e+001	3.54e+001	3.34e+001];
Setpoint_fuelledMode_z_dMFueldT2N = [	    0     0     0     0     0     0     0     0     0     0     0     0     0     0     0     0     0     0     0     0     0     0;
     0     0     0     0     0     0     0     0     0     0     0     0     0     0     0     0     0     0     0     0     0     0;
     0     0     0     0     0     0     0     0     0     0     0     0     0     0     0     0     0     0     0     0     0     0;
     0     0     0     0     0     0     0     0     0     0     0     0     0     0     0     0     0     0     0     0     0     0;
     0     0     0     0     0     0     0     0     0     0     0     0     0     0     0     0     0     0     0     0     0     0;
     0     0     0     0     0     0     0     0     0     0     0     0     0     0     0     0     0     0     0     0     0     0;
     0     0     0     0     0     0     0     0     0     0     0     0     0     0     0     0     0     0     0     0     0     0;
     0     0     0     0     0     0     0     0     0     0     0     0     0     0     0     0     0     0     0     0     0     0;
     0     0     0     0     0     0     0     0     0     0     0     0     0     0     0     0     0     0     0     0     0     0;
     0     0     0     0     0     0     0     0     0     0     0     0     0     0     0     0     0     0     0     0     0     0;
     0     0     0     0     0     0     0     0     0     0     0     0     0     0     0     0     0     0     0     0     0     0;
     0     0     0     0     0     0     0     0     0     0     0     0     0     0     0     0     0     0     0     0     0     0;
     0     0     0     0     0     0     0     0     0     0     0     0     0     0     0     0     0     0     0     0     0     0;
     0     0     0     0     0     0     0     0     0     0     0     0     0     0     0     0     0     0     0     0     0     0;
     0     0     0     0     0     0     0     0     0     0     0     0     0     0     0     0     0     0     0     0     0     0;
     0     0     0     0     0     0     0     0     0     0     0     0     0     0     0     0     0     0     0     0     0     0;
     0     0     0     0     0     0     0     0     0     0     0     0     0     0     0     0     0     0     0     0     0     0;
     0     0     0     0     0     0     0     0     0     0     0     0     0     0     0     0     0     0     0     0     0     0;
     0     0     0     0     0     0     0     0     0     0     0     0     0     0     0     0     0     0     0     0     0     0;
     0     0     0     0     0     0     0     0     0     0     0     0     0     0     0     0     0     0     0     0     0     0;
     0     0     0     0     0     0     0     0     0     0     0     0     0     0     0     0     0     0     0     0     0     0];
