iGrFwrd=[1.43 1.43 1.14 1.00 0.80 0.70 0.56 0.000 0.000 0.000 0.000 0.000 0.000 0.000 0.000 0.000];
iGrBwrd=[0.000 0.000 0.000 0.000];
DIWA_BB_ParValues=zeros(88,1);
