dim_xAxis_zSoll=31; % [-] Dimension x-Axis zSoll-Curve
zSoll_dx_xAxis_nom=[0.0,0.016393443000000001,0.081147541000000004,0.081967212999999997,0.12213114799999999,0.12295082,0.155737705,0.16393442599999999,0.28688524599999998,0.295081967,0.32786885199999999,0.34488258799999999,0.38032786899999999,0.409836066,0.454918033,0.536877049,0.53770491799999998,0.57131147500000001,0.59918032799999998,0.62213114800000002,0.64508196699999998,0.66311475399999997,0.68360655699999995,0.69918032799999996,0.71042623000000005,0.71065573800000004,0.73196721300000001,0.74918032800000001,0.81147541000000001,1.0,1.2295081969999999]; % [-] Nominal InputShaft Displacement [-]
zSoll_dx_yAxis_nom=[0.0,0.0,0.0,0.025000000000000001,0.025000000000000001,0.025000000000000001,0.050000000000000003,0.057000000000000002,0.157,0.16,0.19,0.20000000000000001,0.22500000000000001,0.25,0.29999999999999999,0.39900000000000002,0.40000000000000002,0.45000000000000001,0.5,0.55000000000000004,0.59999999999999998,0.65000000000000002,0.69999999999999996,0.75,0.79900000000000004,0.80000000000000004,0.90000000000000002,1.0,1.0,1.0,1.0]; % [-] Nominal Deceleration Set Value [-]
ALB_dpMin_bar=0.6; % [bar] ALB Linear Pressure Range p2/p1->1:1
ALB_mRA_Max_kg=6350.0; % [kg] ALB Maximal Rear Axle Load for p2Max [kg]
ALB_mRA_Min_kg=3450.0; % [kg] ALB Minimal Rear Axle Load for p2Min [kg]
ALB_p1Ref_bar=8.0; % [bar] ALB Reference Inlet Pressure p1 [bar]
ALB_p2Max_bar=8.2; % [bar] ALB Maximum Pressure at mRA_Max_kg [bar]
ALB_p2Min_bar=2.9; % [bar] ALB Minimum Pressure at mRA_Min [bar]
EBI_mueMax=0.4; % [-] Maximum Friction Coefficient Rear Axle
EBI_vMin_kmh=20.0; % [km/h] Minum Initial Velocity [km/h] (eBIActive>EBI_vMin_kmh)
flag_ABS=0; % [-] Vehicle with ABS-Brake System [0-false,1-true]
flag_DownhillDriveTest=0; % [-] Flag Downhill Drive Test [0-false,1-true]
flag_EBI=4; % [-] Endurance Brake Integration (EBI) [0-no EBI,1-EBI, base deceleration of 2% by service brake, 2- EBI 100%, 3 - prior endurance brake activation, 4 - EBI Bus mode]
flag_SlopeCompActive=1; % [-] Slope Compensation Active [0 - false,1 - true]
mec_iDiffAxle=1.0; % Transmission Ratio EMot - Axle [-]
Recuperation_end=0.0; % [kg] Recuperation value for inital brake pedal actuation [Nm] 
Recuperation_initial=0.0; % [kg] Recuperation value for inital brake pedal actuation [Nm] 
