dcdc_Ri_Verpolschutz = 0.000250;

dcdc_U_ZK = [27  40  48  52];


dcdc_U_Cap = [9  14  22];


dcdc_I_ZK = [-300;...
-298;...
-296;...
-294;...
-292;...
-290;...
-288;...
-286;...
-284;...
-282;...
-280;...
-278;...
-276;...
-274;...
-272;...
-270;...
-268;...
-266;...
-264;...
-262;...
-260;...
-258;...
-256;...
-254;...
-252;...
-250;...
-248;...
-246;...
-244;...
-242;...
-240;...
-238;...
-236;...
-234;...
-232;...
-230;...
-228;...
-226;...
-224;...
-222;...
-220;...
-218;...
-216;...
-214;...
-212;...
-210;...
-208;...
-206;...
-204;...
-202;...
-200;...
-198;...
-196;...
-194;...
-192;...
-190;...
-188;...
-186;...
-184;...
-182;...
-180;...
-178;...
-176;...
-174;...
-172;...
-170;...
-168;...
-166;...
-164;...
-162;...
-160;...
-158;...
-156;...
-154;...
-152;...
-150;...
-148;...
-146;...
-144;...
-142;...
-140;...
-138;...
-136;...
-134;...
-132;...
-130;...
-128;...
-126;...
-124;...
-122;...
-120;...
-118;...
-116;...
-114;...
-112;...
-110;...
-108;...
-106;...
-104;...
-102;...
-100;...
-98;...
-96;...
-94;...
-92;...
-90;...
-88;...
-86;...
-84;...
-82;...
-80;...
-78;...
-76;...
-74;...
-72;...
-70;...
-68;...
-66;...
-64;...
-62;...
-60;...
-58;...
-56;...
-54;...
-52;...
-50;...
-48;...
-46;...
-44;...
-42;...
-40;...
-38;...
-36;...
-34;...
-32;...
-30;...
-28;...
-26;...
-24;...
-22;...
-20;...
-18;...
-16;...
-14;...
-12;...
-10;...
-8;...
-6;...
-4;...
-2;...
0;...
2;...
4;...
6;...
8;...
10;...
12;...
14;...
16;...
18;...
20;...
22;...
24;...
26;...
28;...
30;...
32;...
34;...
36;...
38;...
40;...
42;...
44;...
46;...
48;...
50;...
52;...
54;...
56;...
58;...
60;...
62;...
64;...
66;...
68;...
70;...
72;...
74;...
76;...
78;...
80;...
82;...
84;...
86;...
88;...
90;...
92;...
94;...
96;...
98;...
100;...
102;...
104;...
106;...
108;...
110;...
112;...
114;...
116;...
118;...
120;...
122;...
124;...
126;...
128;...
130;...
132;...
134;...
136;...
138;...
140;...
142;...
144;...
146;...
148;...
150;...
152;...
154;...
156;...
158;...
160;...
162;...
164;...
166;...
168;...
170;...
172;...
174;...
176;...
178;...
180;...
182;...
184;...
186;...
188;...
190;...
192;...
194;...
196;...
198;...
200;...
202;...
204;...
206;...
208;...
210;...
212;...
214;...
216;...
218;...
220;...
222;...
224;...
226;...
228;...
230;...
232;...
234;...
236;...
238;...
240;...
242;...
244;...
246;...
248;...
250;...
252;...
254;...
256;...
258;...
260;...
262;...
264;...
266;...
268;...
270;...
272;...
274;...
276;...
278;...
280;...
282;...
284;...
286;...
288;...
290;...
292;...
294;...
296;...
298;...
300];


dcdc_Ploss(:,:,1) = [385.8123      297.6238      218.8815;...
383.2402      295.6396      217.0567;...
380.6681      293.6555      215.2318;...
378.096      291.6713      213.4069;...
375.524      289.6872       211.582;...
372.9519       287.703      209.7572;...
370.3798      285.7188      207.9323;...
367.8077      283.7347      206.1074;...
365.2356      281.7505      204.2826;...
362.6635      279.7664      202.4577;...
360.0915      277.7822      200.6328;...
357.5194      275.7981      198.8079;...
354.9473      273.8139      196.9831;...
352.3752      271.8297      195.1582;...
349.8031      269.8456      193.3333;...
347.2311      267.8614      191.5084;...
344.659      265.8773      189.6836;...
342.0869      263.8931      187.8587;...
339.5148      261.9089      186.0338;...
336.9427      259.9248      184.2089;...
334.3706      257.9406      182.3841;...
331.7986      255.9565      180.5592;...
329.2265      253.9723      178.7343;...
326.6544      251.9881      176.9095;...
324.0823       250.004      175.0846;...
321.5102      248.0198      173.2597;...
318.9382      246.0357      171.4348;...
316.3661      244.0515        169.61;...
313.794      242.0674      167.7851;...
311.2219      240.0832      156.8114;...
308.6498       238.099      154.9866;...
306.0777      236.1149      153.1617;...
303.5057      234.1307      151.3368;...
300.9336      232.1466       149.512;...
298.3615      230.1624      147.6871;...
295.7894      228.1782      144.6462;...
293.2173      226.1941      141.0865;...
290.6453      224.2099      137.5267;...
288.0732      221.3942      133.9669;...
285.5011      217.4999      130.4071;...
282.929      213.6055      126.8474;...
280.3569      209.7112      123.2876;...
277.7848      205.8169      122.0563;...
275.2128      201.6031      122.3926;...
272.6407       197.086      122.7288;...
270.0686      192.5688      123.0651;...
267.4965      188.0516      123.4013;...
264.9244      183.5345      123.7375;...
262.3524      180.7466      124.0738;...
259.7803      179.8784       123.435;...
257.2082      179.0103      122.3119;...
254.6361      178.1422      121.1888;...
252.064      177.2741      120.0656;...
249.4919      175.9427      118.9425;...
246.9199      173.1371      117.8193;...
244.3478      170.3315      116.6962;...
241.7757      167.5259      114.4434;...
239.2036      164.7203      111.2912;...
236.6315      161.8128       108.139;...
234.0595      158.7673      104.9867;...
231.4874      155.7217      101.8345;...
228.9153      152.6762       98.6823;...
226.3432      149.6307      95.53008;...
223.7711      146.7369      92.78269;...
221.199      144.1652      91.77874;...
218.627      141.5934      90.77479;...
216.0549      139.0216      89.77083;...
213.4828      136.4499      88.76688;...
210.9107      134.1001      87.76293;...
208.3386      132.2991      86.75898;...
205.7666      130.4981       85.5814;...
203.1945      128.6972      83.35187;...
200.6224      126.8962      81.12234;...
198.0503      125.0731      78.89281;...
195.4782      122.9427      76.66328;...
192.9061      120.8123      74.43375;...
190.3341      118.6819      72.20422;...
187.7373      116.5516       69.9747;...
182.6982      114.4108      68.60847;...
177.6591      112.2033      67.33423;...
172.6201      109.9959         66.06;...
169.4295      107.7884      64.78576;...
167.0002      105.5809      63.51152;...
164.5709      103.3734      62.23729;...
161.5862      99.72138      60.96305;...
156.4519      95.94947      59.67225;...
151.3176      92.17756      58.37979;...
146.1833      88.40565      57.08733;...
143.5782      84.63374      55.79488;...
141.1109        82.381      54.50242;...
138.6436      80.34528      53.20997;...
135.2776      78.30956      51.91751;...
131.5057      76.27384      50.57036;...
127.7338      74.23812      49.20453;...
123.7754      72.96088       47.8387;...
119.5089      71.94858      46.47287;...
115.2425      70.93629      45.10704;...
111.485      69.92399      43.74121;...
109.1593       68.9117      42.37538;...
106.8337      67.37446      41.21379;...
104.508      65.52345       40.4125;...
101.0958      63.67244      39.61121;...
97.5572      61.8214      38.8099;...
94.0187      59.9704      38.0086;...
90.5609      58.2048      37.2073;...
87.1917      56.4849      36.4061;...
83.8224      54.7649      35.6043;...
80.7683       53.045      34.7124;...
78.4895       51.325      33.8205;...
76.2107      49.6605      32.9286;...
73.9319      48.0467      32.0367;...
72.0157       46.433      31.1448;...
70.1807      44.8193      30.2529;...
68.3457      43.2055       29.361;...
66.7023      41.6865       28.492;...
65.1915      40.3457      27.6366;...
63.6807      39.0049      26.7813;...
61.2574      37.6641       25.926;...
57.538      36.3233      25.0706;...
53.8187      34.9996      24.2153;...
50.1918      33.7733      23.3599;...
47.5867      32.5469       22.661;...
44.9816      31.3206      22.0566;...
42.3765      30.0942      21.4522;...
40.4148      28.8679      20.8477;...
38.7988      27.5346      20.2433;...
37.1828      26.2007      19.6389;...
35.0985      24.8668      19.0345;...
32.3309      23.5329      18.4809;...
29.5632       22.199      18.0456;...
26.7956      21.6175      17.6104;...
25.9819      21.1898      17.1751;...
25.2278       20.762      16.7399;...
24.4737      20.3343      16.3046;...
