% RO440_5875_80_1305_notForFE

% losses based on measurement RO440_2p846

% ___axle data___________
isDriven = 1.0;

isRearAxle = 1.0;

iDiff = 5.875;

JSideShft_kgm2 = 6.3;


% ___Axle Losses___________

% Dataset: RO440_2846_80_1305

% axle losses

% Achs-ID:	35H101D
% Testnr.:	5774B_11
% Datum:	08.05.2013
% Parameter:	rdyn=0,507 m - 11,7 l + 0,5 l BP Energear Hypo DC 80W-90 (HPA 000 989 S004) 80°C - eingerollt ca. 200.000 km Fzg.
axleLoss_dim = [5, 13];

axleLoss_y_torqueAxleIn_Nm =[-60000, -5000, 0, 5000, 60000]';
axleLoss_x_speedAxleOut_rpm =[0.0, 52.32, 104.64, 156.96, 209.28, 261.6, 313.92, 371.47, 423.79, 476.1, 528.42, 575.51 750.];
axleLoss_map_torqueAxleIn_Nm = [
887.21 891.41 758.03 709.42 653.07 616.21 578.4 556.11 550.17 523.99 517.64 517.64 517.64;
76.29 80.49 73.23 71.75 69.46 67.75 65.74 64.9 65.51 64.35 64.38 64.38 64.38;
2.57 6.77 10.97 13.78 16.41 17.89 19.14 20.25 21.45 22.57 23.18 23.18 23.18;
76.29 80.49 73.23 71.75 69.46 67.75 65.74 64.9 65.51 64.35 64.38 64.38 64.38;
887.21 891.41 758.03 709.42 653.07 616.21 578.4 556.11 550.17 523.99 517.64 517.64 517.64];
