dim_PmechMap=[5,14]; % [-] Dimension PowerMap [dp , om] 
dim_QnMap=[7,14]; % [-] Dimension Volume Flow Map [dp , om] 
dim_ToutMap=[5,14]; % [-] Dimension Temperature Map [dp , om] 
pACoverflow=0.0; % [bar] Air Compressor Overflow Pressure [bar]
Pmech_Map_kW=[0.0,0.10000000000000001,0.20000000000000001,0.29999999999999999,0.40000000000000002,0.5,0.69999999999999996,0.90000000000000002,1.1000000000000001,1.5,2.2000000000000002,2.6000000000000001,3.0,3.2000000000000002; 0.0,1.3,1.6000000000000001,2.0,2.6000000000000001,3.2000000000000002,3.8999999999999999,4.5999999999999996,5.2000000000000002,6.0999999999999996,7.2000000000000002,8.1999999999999993,8.9000000000000004,9.1999999999999993; 0.0,1.3999999999999999,1.7,2.1000000000000001,2.7999999999999998,3.3999999999999999,4.0999999999999996,4.9000000000000004,5.5,6.5,7.7000000000000002,8.6999999999999993,9.4000000000000004,9.6999999999999993; 0.0,1.5,1.8,2.2999999999999998,3.0,3.7000000000000002,4.4000000000000004,5.2000000000000002,5.9000000000000004,6.7999999999999998,8.1999999999999993,9.1999999999999993,9.9000000000000004,10.199999999999999; 0.0,1.5900000000000001,1.97,2.3999999999999999,3.1299999999999999,3.8700000000000001,4.6500000000000004,5.4400000000000004,6.2000000000000002,7.1600000000000001,8.5600000000000005,9.5700000000000003,10.35,10.710000000000001]; % [kW] Pmech-om-dp Map (kW , rpm, dp) [kW]
Pmech_x_om_rpm=[0.0,700.0,850.0,1000.0,1250.0,1500.0,1800.0,2000.0,2200.0,2550.0,3000.0,3200.0,3400.0,3500.0]; % [rpm] Mechanical Power Map x-Axis Compressor Speed [rpm] 
Pmech_y_dp_bar=[0.0,8.0,10.0,12.5,15.0]; % [bar] Mechanical Power   Map y-Axis Compressor Pressure Drop [bar]
Qn_Map_l_min=[0.0,35.0,43.0,51.0,68.0,85.0,109.0,128.0,144.0,178.0,221.0,250.0,275.0,287.0; 0.0,35.0,43.0,51.0,68.0,85.0,109.0,128.0,144.0,178.0,221.0,250.0,275.0,287.0; 0.0,174.0,215.0,255.0,318.0,383.0,442.0,513.0,564.0,631.0,687.0,767.0,805.0,828.0; 0.0,174.0,215.0,255.0,318.0,383.0,442.0,513.0,564.0,631.0,687.0,767.0,805.0,828.0; 0.0,171.0,211.0,252.0,319.0,378.0,440.0,505.0,559.0,627.0,688.0,758.0,802.0,821.0; 0.0,167.0,206.0,248.0,312.0,375.0,438.0,502.0,555.0,607.0,681.0,748.0,791.0,810.0; 0.0,162.0,202.0,241.0,308.0,369.0,433.0,495.0,549.0,597.0,677.0,742.0,783.0,800.0]; % [l/min] Qn-om-dp Map (degC , rpm, dp) [degC] 
Qn_x_om_rpm=[0.0,700.0,850.0,1000.0,1250.0,1500.0,1800.0,2000.0,2200.0,2550.0,3000.0,3200.0,3400.0,3500.0]; % [rpm] Volume Flow Map x-Axis Compressor Speed [rpm] 
Qn_y_dp_bar=[0.0,2.5,2.7000000000000002,8.0,10.0,12.5,15.0]; % [bar] Volume Flow Map y-Axis Compressor Pressure Drop [bar]
Tout_Map_degC=[90.0,90.0,91.0,91.299999999999997,92.099999999999994,93.799999999999997,95.299999999999997,96.0,96.599999999999994,99.0,101.59999999999999,103.8,106.0,107.0; 90.0,105.2,109.40000000000001,113.40000000000001,118.7,124.8,132.0,137.80000000000001,141.80000000000001,149.0,160.19999999999999,165.30000000000001,168.19999999999999,169.40000000000001; 90.0,107.8,110.90000000000001,115.2,120.7,127.7,136.0,141.90000000000001,145.69999999999999,154.59999999999999,164.30000000000001,169.40000000000001,175.40000000000001,177.5; 90.0,108.7,112.09999999999999,117.09999999999999,123.0,131.30000000000001,139.69999999999999,145.59999999999999,150.5,157.19999999999999,170.90000000000001,177.09999999999999,181.30000000000001,183.30000000000001; 90.0,109.2,112.8,117.90000000000001,124.3,133.59999999999999,142.80000000000001,148.59999999999999,154.19999999999999,161.09999999999999,174.19999999999999,180.69999999999999,185.40000000000001,187.69999999999999]; % [deg C] Tout-om-dp Map (degC , rpm, dp) [degC]
Tout_x_om_rpm=[0.0,700.0,850.0,1000.0,1250.0,1500.0,1800.0,2000.0,2200.0,2550.0,3000.0,3200.0,3400.0,3500.0]; % [rpm] Temperature Map x-Axis Compressor Speed [rpm] 
Tout_y_dp_bar=[0.0,8.0,10.0,12.5,15.0]; % [bar] Temperature  Map y-Axis Compressor Pressure Drop [bar]
